
37.8065047274	-122.4222671495
37.8065047274	-122.4222671495
37.8065047274	-122.4222671495
37.8065047274	-122.4222671495
37.8065047274	-122.4222671495
37.8065047274	-122.4222671495
37.8065047274	-122.4222671495
37.8065047274	-122.4222671495
37.8065047274	-122.4222671495
37.8065047274	-122.4222671495
37.8065047274	-122.4222671495
37.8065047274	-122.4222671495
37.8065047274	-122.4222671495
37.8065047274	-122.4222671495
37.8065047274	-122.4222671495
37.8065047274	-122.4222671495
37.8065047274	-122.4222671495
37.8065047274	-122.4222671495
37.8065047274	-122.4222671495
37.8065047274	-122.4222671495
37.8065047274	-122.4222671495
37.8065047274	-122.4222671495
37.8065047274	-122.4222671495
37.8065047274	-122.4222671495
37.8065047274	-122.4222671495
37.8065047274	-122.4222671495
37.8065047274	-122.4222671495
37.8065047274	-122.4222671495
37.8065047274	-122.4222671495
37.8065047274	-122.4222671495
37.8065047274	-122.4222671495
37.8065047274	-122.4222671495
37.8065047274	-122.4222671495
37.8065047274	-122.4222671495
37.8065047274	-122.4222671495
37.8065047274	-122.4222671495
37.8065047274	-122.4222671495
37.8065047274	-122.4222671495
37.8065047274	-122.4222671495
37.8065047274	-122.4222671495
37.8065047274	-122.4222671495
37.8065047274	-122.4222671495
37.8065047274	-122.4222671495
37.8065047274	-122.4222671495
37.8065047274	-122.4222671495
37.8065047274	-122.4222671495
37.8065047274	-122.4222671495
37.8065047274	-122.4222671495
37.8053721585	-122.4235153893
37.8061154697	-122.4239016295
37.8070790585	-122.4101156709
37.8070790585	-122.4101156709
37.8070790585	-122.4101156709
37.8070790585	-122.4101156709
37.8065047274	-122.4222671495
37.8065047274	-122.4222671495
37.8065047274	-122.4222671495
37.8065047274	-122.4222671495
37.8065047274	-122.4222671495
37.8065047274	-122.4222671495
37.8065047274	-122.4222671495
37.8065047274	-122.4222671495
37.8065047274	-122.4222671495
37.8065047274	-122.4222671495
37.8065047274	-122.4222671495
37.8065047274	-122.4222671495
37.8065047274	-122.4222671495
37.8065047274	-122.4222671495
37.8065047274	-122.4222671495
37.8065047274	-122.4222671495
37.8065047274	-122.4222671495
37.8065047274	-122.4222671495
37.8065047274	-122.4222671495
37.8065047274	-122.4222671495
37.8065047274	-122.4222671495
37.8065047274	-122.4222671495
37.8065047274	-122.4222671495
37.8065047274	-122.4222671495
37.8065047274	-122.4222671495
37.8065047274	-122.4222671495
37.8065047274	-122.4222671495
37.8065047274	-122.4222671495
37.8065047274	-122.4222671495
37.8065047274	-122.4222671495
37.8065047274	-122.4222671495
37.8065047274	-122.4222671495
37.8065047274	-122.4222671495
37.8065047274	-122.4222671495
37.8065047274	-122.4222671495
37.8065047274	-122.4222671495
37.8065047274	-122.4222671495
37.8065047274	-122.4222671495
37.8065047274	-122.4222671495
37.8065047274	-122.4222671495
37.8065047274	-122.4222671495
37.8065047274	-122.4222671495
37.8065047274	-122.4222671495
37.8065047274	-122.4222671495
37.8065047274	-122.4222671495
37.8065047274	-122.4222671495
37.8065047274	-122.4222671495
37.8065047274	-122.4222671495
37.8065047274	-122.4222671495
37.8065047274	-122.4222671495
37.8065047274	-122.4222671495
37.8065047274	-122.4222671495
37.8065047274	-122.4222671495
37.8065047274	-122.4222671495
37.8065047274	-122.4222671495
37.8065047274	-122.4222671495
37.8065047274	-122.4222671495
37.8065047274	-122.4222671495
37.8065047274	-122.4222671495
37.8065047274	-122.4222671495
37.8065047274	-122.4222671495
37.8065047274	-122.4222671495
37.8065047274	-122.4222671495
37.8065047274	-122.4222671495
37.8065047274	-122.4222671495
37.8065047274	-122.4222671495
37.8065047274	-122.4222671495
37.8065047274	-122.4222671495
37.8065047274	-122.4222671495
37.8065047274	-122.4222671495
37.8065047274	-122.4222671495
37.8065047274	-122.4222671495
37.8065047274	-122.4222671495
37.8065047274	-122.4222671495
37.8065047274	-122.4222671495
37.8065047274	-122.4222671495
37.8065047274	-122.4222671495
37.8065047274	-122.4222671495
37.8065047274	-122.4222671495
37.8065047274	-122.4222671495
37.8065047274	-122.4222671495
37.8065047274	-122.4222671495
37.8065047274	-122.4222671495
37.8065047274	-122.4222671495
37.8065047274	-122.4222671495
37.8065047274	-122.4222671495
37.8065047274	-122.4222671495
37.8065047274	-122.4222671495
37.8065047274	-122.4222671495
37.8065047274	-122.4222671495
37.8065047274	-122.4222671495
37.8065047274	-122.4222671495
37.8065047274	-122.4222671495
37.8065047274	-122.4222671495
37.8065047274	-122.4222671495
37.8065047274	-122.4222671495
37.8065047274	-122.4222671495
37.8065047274	-122.4222671495
37.8065047274	-122.4222671495
37.8065047274	-122.4222671495
37.8065047274	-122.4222671495
37.8065047274	-122.4222671495
37.8065047274	-122.4222671495
37.8065047274	-122.4222671495
37.8065047274	-122.4222671495
37.8065047274	-122.4222671495
37.8065047274	-122.4222671495
37.8065047274	-122.4222671495
37.8065047274	-122.4222671495
37.8065047274	-122.4222671495
37.8065047274	-122.4222671495
37.8065047274	-122.4222671495
37.8065047274	-122.4222671495
37.8065047274	-122.4222671495
37.8065047274	-122.4222671495
37.8061868839	-122.4236763227
37.8061868839	-122.4236763227
37.8065047274	-122.4222671495
37.8065047274	-122.4222671495
37.8065047274	-122.4222671495
37.8065047274	-122.4222671495
37.8065047274	-122.4222671495
37.8065047274	-122.4222671495
37.8065047274	-122.4222671495
37.8065047274	-122.4222671495
37.8065047274	-122.4222671495
37.8065047274	-122.4222671495
37.8065047274	-122.4222671495
37.8065047274	-122.4222671495
37.8065047274	-122.4222671495
37.8061868839	-122.4236763227
37.8065047274	-122.4222671495
37.8061868839	-122.4236763227
37.8065047274	-122.4222671495
37.8065047274	-122.4222671495
37.8061868839	-122.4236763227
37.8065047274	-122.4222671495
37.8061868839	-122.4236763227
37.8065047274	-122.4222671495
37.8065047274	-122.4222671495
37.8061868839	-122.4236763227
37.8065047274	-122.4222671495
37.8065047274	-122.4222671495
37.8053721585	-122.4235153893
37.8065047274	-122.4222671495
37.8053721585	-122.4235153893
37.8053721585	-122.4235153893
37.8065047274	-122.4222671495
37.8065047274	-122.4222671495
37.8063981090	-122.4220036210
37.8053721585	-122.4235153893
37.8053721585	-122.4235153893
37.8053721585	-122.4235153893
37.8061265339	-122.4237467310
37.8063981090	-122.4220036210
37.8063981090	-122.4220036210
37.8063025548	-122.4221011869
37.8063981090	-122.4220036210
37.8063981090	-122.4220036210
37.8063981090	-122.4220036210
37.8063025548	-122.4221011869
37.8063025548	-122.4221011869
37.8063025548	-122.4221011869
37.8070790585	-122.4101156709
37.8070790585	-122.4101156709
37.8070790585	-122.4101156709
37.8070790585	-122.4101156709
37.8070790585	-122.4101156709
37.8070790585	-122.4101156709
37.8070790585	-122.4101156709
37.8070790585	-122.4101156709
37.8070790585	-122.4101156709
37.8068668276	-122.4118235767
37.8068668276	-122.4118235767
37.8068668276	-122.4118235767
37.8068668276	-122.4118235767
37.8068668276	-122.4118235767
37.8062150473	-122.4154737477
37.8062150473	-122.4154737477