Hello World. Testing!326072326072
326072
326072
326072
326072
326072
326072
326072
326072
326072
326072
326072
326072
326072
326072
326072
326072
326072
326072
326072
326072
326072
326072
326072
326072
326072
326072
326072
326072
326072
326072
326072
326072
326072
326072
326072
326072
326072
326072
326072
326072
326072
326072
326072
326072
326072
326072
326072
326072
326072
326072
585092
612311
585012
585012
585012
585012
326072
326072
326072
326072
326072
326072
326072
326072
326072
326072
326072
326072
326072
326072
326072
326072
326072
326072
326072
326072
326072
326072
326072
326072
326072
326072
326072
326072
326072
326072
326072
326072
326072
326072
326072
326072
326072
326072
326072
326072
326072
326072
326072
326072
326072
326072
326072
326072
326072
326072
326072
326072
326072
326072
326072
326072
326072
326072
326072
326072
326072
326072
326072
326072
326072
326072
326072
326072
326072
326072
326072
326072
326072
326072
326072
326072
326072
326072
326072
326072
326072
326072
326072
326072
326072
326072
326072
326072
326072
326072
326072
326072
326072
326072
326072
326072
326072
326072
326072
326081
326081
326072
326072
326072
326072
326072
326072
326072
18
326072
17
326081
10
326072
16
326081
9
326072
15
326072
14
326081
8
326072
13
326081
7
326072
12
326072
11
326081
6
326072
10
326072
9
585092
11
326072
8
585092
10
585092
9
326072
7
326072
6
326071
14
585092
8
585092
7
585092
6
612312
7
326071
13
326071
12
542302
6
326071
11
326071
10
326071
9
542302
5
542302
4
542302
3
585012
10
585012
9
585012
8
585012
7
585012
6
585012
5
585012
4
585012
3
585012
2
585022
16
585022
15
585022
14
585022
13
585022
12